version https://git-lfs.github.com/spec/v1
oid sha256:a5a81963dcb45275ba0d62befc0d5d0d6a531596b66949daf8195b51b6ed7e31
size 3570248
